L N_C HOMO-2 HOMO-1 HOMO LUMO LUMO+1 LUMO+2
2  10  1.984158  1.970810  1.954717  0.052349  0.028915  0.014675  
3  14  1.927651  1.903603  1.758320  0.286510  0.090981  0.068227  
4  18  1.876043  1.860758  1.569614  0.513125  0.135844  0.114615  
5  22  1.864577  1.790454  1.427277  0.683108  0.213321  0.124354  
6  26  1.856240  1.716986  1.327043  0.801149  0.299908  0.134112  
7  30  1.813840  1.642329  1.256461  0.882479  0.391595  0.180433  
8  34  1.767505  1.569809  1.205748  0.939549  0.482383  0.233414  
9  38  1.718773  1.502535  1.168396  0.980762  0.566978  0.291120  
10  42  1.669235  1.442392  1.140204  1.011395  0.642262  0.351342  
11  46  1.620242  1.389783  1.118424  1.034858  0.707522  0.411999  
12  50  1.572840  1.344341  1.101258  1.053246  0.763273  0.471367  
13  54  1.527960  1.305509  1.087483  1.067863  0.810319  0.527900  
14  58  1.485962  1.272205  1.079739  1.076260  0.850221  0.580868  
15  62  1.447152  1.243643  1.089507  1.066993  0.884079  0.629716  
